29.967224 -92.096238
34.179237 -82.379726
44.948612 -90.315875
33.824742 -88.554591
45.463186 -98.471033
46.976365 -123.796056
39.508976 -76.303431
33.830523 -101.846278
38.92106 -97.220754
32.428784 -99.747194
40.804175 -90.401522
40.767227 -83.824659
34.774803 -96.669103
43.808664 -76.021178
31.145731 -83.429099
41.612188 -94.021031
18.166604 -66.729934
41.914128 -84.049721
13.39108 144.669527
18.370709 -67.040996
36.287867 -76.983286
38.985935 -104.858324
32.388728 -112.868912
43.020471 -78.493346
41.066225 -81.491897
29.791204 -82.507945
32.902756 -105.949613
37.459931 -105.872135
31.591097 -84.168827
45.630888 -94.569355
44.63009 -123.090051
42.743848 -73.799447
35.369088 -80.196358
43.654564 -93.373837
34.268074 -86.223507
41.027003 -92.805176
42.252722 -84.75533
43.245788 -78.193603
41.890344 -80.355166
35.141344 -106.62889
37.727925 -80.649268
41.198542 -90.745194
32.680947 -97.647372
32.939745 -85.957946
31.260637 -92.506129
45.900999 -95.3683
42.256634 -77.784266
44.607208 -87.444363
43.072716 -94.228677
27.752403 -98.075018
42.530023 -85.849978
33.008841 -81.311258
40.651118 -75.442163
42.100596 -102.87402
40.914526 -81.09674
31.541885 -82.469694
43.390767 -84.641478
42.921599 -83.039777
45.063072 -83.453033
30.358305 -103.664632
37.113627 -79.294132
38.897792 -90.128014
40.485263 -78.393865
41.489183 -120.546287
34.652723 -99.310867
36.801099 -98.664668
32.412303 -97.216677
35.197528 -101.849137
42.78232 -112.853103
32.072568 -84.229191
45.30657 -92.364724
42.031532 -93.633771
30.733723 -90.5208
33.984789 -88.48001
42.953164 -74.195042
46.131046 -112.957216
48.48661 -122.628592
35.071385 -98.241229
42.110072 -91.276045
61.167916 -149.847166
61.329442 -149.535228
31.311564 -86.479556
40.088751 -85.679816
34.520711 -82.660933
33.450931 -79.562021
32.320646 -102.546505
38.074409 -120.551042
41.661031 -85.016767
37.460138 -89.251143
33.379026 -96.56367
45.259981 -94.121617
42.240003 -83.662679
33.664398 -85.828795
45.142639 -89.153197
37.991687 -121.78212
29.751831 -84.909118
44.24668 -88.411096
40.438206 -82.34901
34.320987 -86.513807
39.016726 -122.060221
42.534572 -78.466924
32.552383 -92.923763
44.249706 -91.490908
27.213341 -81.852437
40.914605 -124.089324
41.52504 -84.294163
35.668587 -78.365739
39.684596 -88.302758
34.178548 -97.14166
18.454601 -66.807974
32.749832 -111.673175
34.124379 -93.067873
37.060526 -97.034648
35.279993 -89.662679
35.119408 -120.607531
32.837488 -104.414485
35.203012 -118.832555
31.700815 -83.650095
33.679719 -94.126102
35.731289 -79.804259
35.536428 -82.66557
38.771705 -92.259126
41.040566 -96.366597
40.863585 -82.316997
40.772142 -76.320872
46.578925 -90.881199
36.276595 -87.051506
41.877017 -80.78496
39.718619 -82.967079
39.199278 -106.840283
46.17404 -123.835724
39.570588 -95.137251
34.811825 -86.952175
39.327239 -82.111599
35.448026 -84.600178
32.201604 -95.847373
33.942069 -83.398271
42.573322 -72.296365
33.824102 -84.331858
33.125525 -94.167911
41.40042 -95.007871
39.371611 -74.590128
31.021931 -87.487418
35.42869 -89.803114
40.29083 -87.269893
42.873714 -78.271755
33.288094 -96.989684
32.614294 -85.443932
39.590007 -89.749542
41.369776 -85.070818
40.38848 -95.843424
42.926811 -76.561994
38.932512 -121.079665
37.69194 -96.973193
44.265179 -69.782239
33.487951 -81.996378
44.845016 -122.866978
36.967117 -93.730413
40.867831 -98.003674
44.45283 -83.346783
43.671232 -92.977883
30.358514 -97.761533
36.954458 -92.661589
33.341589 -118.328722
35.993168 -120.126356
42.899102 -77.741633
33.472717 -112.399026
32.42773 -111.326681
36.833998 -107.996013
43.802432 -82.998022
30.90486 -84.564687
44.783476 -117.82877
35.362282 -119.030559
35.31222 -91.574197
44.974871 -92.428348
38.777506 -95.18748
31.742188 -99.955786
39.234099 -76.64776
39.843836 -82.587278
33.29856 -81.029973
43.113779 -124.415518
44.834066 -68.748807
43.46854 -89.748766
36.860165 -83.855348
37.835782 -85.466079
44.392241 -68.221804
33.052313 -84.154709
39.988847 -81.172633
41.625166 -70.576137
33.248668 -81.361338
44.198429 -72.517883
45.402159 -91.852835
71.293793 -156.762893
34.888025 -117.038426
36.745387 -95.956299
30.796199 -97.433073
39.388924 -107.087515
39.127539 -94.941756
32.776783 -91.913851
30.100757 -97.282416
43.002665 -78.177406
33.908055 -81.510262
35.7706 -91.633541
39.297742 -85.19969
34.304037 -89.942143
42.34625 -77.31417
30.427885 -91.038912
42.31374 -85.197926
39.453934 -108.05174
40.638336 -116.946269
31.771186 -82.346883
37.021334 -94.737759
32.764832 -108.140064
43.608621 -83.890506
28.980702 -95.954928
37.241913 -107.596729
30.883529 -87.775532
38.567378 -77.786511
40.013699 -90.42372
40.267398 -96.743305
32.421911 -80.716405
30.11918 -94.127119
38.278832 -112.636072
37.398446 -86.874001
43.465787 -88.83322
45.40383 -93.874419
37.789184 -81.229955
38.856653 -86.501238
41.175921 -73.651332
40.024894 -78.505088
37.338355 -79.525928
35.069171 -91.893047
41.351042 -87.620473
28.389755 -97.732663
43.096485 -85.233029
47.448543 -122.857433
44.423628 -69.005594
45.7825 -111.185972
40.359115 -83.752855
40.902511 -77.69529
44.664939 -103.85023
26.684083 -80.678914
44.620047 -93.7646
42.26479 -90.431551
41.277074 -82.84458
48.77284 -122.476127
43.123515 -72.446683
35.735994 -89.084896
29.946233 -96.260553
39.461193 -98.105959
42.509483 -89.026108
30.186319 -98.001924
34.528131 -82.498225
40.825338 -75.071549
33.181941 -90.490257
47.480112 -94.883524
44.04927 -121.312835
34.628218 -79.685958
42.892667 -73.202052
31.961786 -110.294175
45.316565 -95.602636
35.383812 -78.546691
37.999962 -88.918322
36.851835 -88.359536
32.657085 -93.712465
46.277732 -119.487393
42.068719 -86.470022
37.583562 -84.293019
44.4618 -71.173026
43.971548 -88.945505
40.60586 -84.943937
41.950895 -86.340788
36.370618 -93.565676
39.153421 -77.980386
40.265875 -94.035182
60.79492 -161.782459
38.964135 -84.083101
47.265005 -101.781735
38.776776 -87.305074
34.246421 -116.879711
31.19452 -101.459125
24.665134 -81.415457
43.686859 -85.473293
32.244366 -101.470756
36.872903 -82.760597
45.79132 -108.53184
42.105366 -75.962775
48.955394 -122.756978
33.469107 -86.791974
31.392958 -109.920071
35.371676 -79.784137
37.365976 -118.415939
27.584786 -97.795577
34.218215 -80.247396
46.819853 -100.800391
43.19907 -112.389519
44.305215 -90.837473
37.12475 -80.420623
31.29937 -82.243468
37.078886 -78.000023
36.799819 -97.29264
41.544787 -96.132527
40.443612 -79.227356
31.375859 -84.934876
35.154313 -97.657197
39.287524 -83.976444
37.625928 -109.481411
41.835576 -83.870515
45.103349 -91.492777
39.025952 -86.938663
36.711895 -107.985408
39.162873 -86.548361
40.493927 -88.978753
41.016958 -76.41213
30.435017 -85.056248
43.637847 -94.100266
37.246314 -81.315478
40.751051 -85.171967
40.890826 -83.894518
33.611802 -114.586127
35.930795 -89.924251
45.835559 -119.696376
29.781771 -98.726758
30.780619 -89.86476
34.041667 -78.04488
35.256034 -81.657863
43.617778 -116.292083
37.606697 -93.416709
40.639605 -81.432248
35.259899 -88.995199
36.986902 -119.873482
33.587997 -96.18404
30.778853 -85.6824
26.210693 -81.744767
39.8113 -77.173901
48.690567 -116.320015
42.056693 -93.880639
36.212553 -81.651366
35.138439 -93.920088
34.658157 -88.55443
38.046357 -87.272626
38.971691 -92.74673
35.666797 -101.399608
43.136654 -90.699763
42.373132 -71.140708
40.027135 -105.23905
35.971068 -114.842418
33.558499 -97.843269
36.955492 -86.439505
39.346076 -91.202394
41.375434 -83.64958
44.129081 -103.076939
45.212106 -85.01253
45.683919 -111.057553
29.302599 -100.412224
41.960558 -78.643265
31.130533 -99.33716
41.269895 -88.239959
46.358835 -94.219552
43.59375 -96.571201
36.628367 -93.252269
42.849383 -72.580475
32.977979 -115.531854
29.058564 -95.585174
30.277915 -91.881727
39.483131 -106.042401
32.756684 -98.909361
38.592503 -89.532017
33.719958 -85.145976
41.446077 -86.150628
47.615914 -122.626178
30.15986 -96.39592
32.953495 -87.15261
35.229587 -82.73134
31.107055 -87.063914
33.213936 -97.760725
41.135301 -73.534002
39.441365 -75.223477
38.72737 -75.58966
44.175097 -88.066117
34.891439 -91.193631
36.604532 -82.152878
35.828541 -96.392281
38.6192 -78.790019
43.225484 -77.926485
41.245655 -78.775677
42.613802 -89.37916
41.405441 -99.64017
34.024203 -94.743486
39.783508 -93.076913
31.594241 -90.440231
42.052622 -124.268979
44.300493 -96.784511
42.102068 -84.27483
29.782342 -95.955079
41.162035 -79.081363
33.17654 -102.274007
48.555151 -113.019434
40.020284 -74.590178
38.878859 -86.046346
35.596462 -89.261068
25.966448 -97.473579
31.709802 -98.972804
31.215376 -81.505347
43.911044 -69.927941
39.311176 -77.628603
40.259107 -103.630798
41.473955 -84.550698
33.390478 -112.583185
38.985416 -80.225757
31.861859 -81.260314
39.125522 -94.2005
40.803787 -82.97168
38.831749 -106.133048
37.735113 -79.35429
45.181514 -93.864247
37.645096 -93.098472
42.92493 -78.823675
44.350191 -106.701248
42.598117 -114.760937
35.409723 -78.712074
35.05296 -114.589825
30.953684 -92.185724
29.342422 -89.500918
34.550156 -77.930332
40.379862 -80.390416
34.082698 -98.569482
42.549224 -113.778842
39.303792 -102.265995
40.813742 -91.132613
38.196277 -95.743405
36.078968 -79.408365
44.47408 -73.147596
42.704751 -88.243824
30.750602 -98.238193
40.883756 -121.665539
43.582651 -119.055231
26.772214 -82.044248
28.667725 -82.116594
40.552775 -90.507321
41.429251 -84.872612
38.256012 -94.339322
40.863328 -79.924443
36.134328 -78.740676
45.983526 -112.516412
42.141192 -89.264201
44.038029 -92.643897
34.63018 -98.629863
36.039681 -101.999794
44.248143 -85.415876
36.864616 -87.820443
40.265314 -80.988254
30.876091 -84.205905
37.01387 -89.180625
45.178899 -67.275223
39.741273 -81.535625
30.531315 -96.700624
43.63279 -91.493598
34.477731 -84.920398
38.630336 -92.568251
35.122358 -117.966018
33.124883 -115.512646
38.581408 -122.582696
48.159122 -122.472428
48.213081 -122.528459
34.231343 -119.034717
35.559273 -121.091551
38.562477 -76.077314
45.533196 -93.235204
40.017438 -81.578297
43.002181 -89.002427
39.807266 -85.151127
41.801559 -80.059681
33.559942 -92.845911
44.206573 -69.08143
34.259627 -80.595476
36.059683 -88.103641
38.005994 -92.75846
39.742652 -94.238676
30.858592 -96.97842
31.215096 -84.188358
37.352554 -85.346495
34.589325 -111.874508
35.909872 -100.383689
45.26509 -122.688395
44.509501 -92.902051
38.438739 -105.212346
40.564329 -90.032578
32.616925 -90.022124
44.59639 -75.163596
40.827898 -81.430086
43.302592 -96.588259
32.549287 -95.868917
34.983283 -101.91869
29.867717 -98.275628
26.602515 -81.842109
37.332328 -89.585831
19.485122 -155.904787
39.39731 -107.215665
37.748873 -89.065603
40.950435 -83.384422
46.855956 -68.008237
39.279166 -89.880261
41.500208 -93.492609
32.399376 -104.234137
45.317017 -123.173609
38.611183 -89.387204
36.468948 -121.730643
38.08674 -88.171043
43.493157 -83.394155
28.524135 -99.850979
42.070722 -94.863917
33.591427 -85.043487
38.686228 -85.143056
39.363063 -93.493303
40.579076 -81.090358
39.155541 -119.753121
34.19247 -84.828245
40.414539 -91.135019
32.745504 -89.536353
37.166664 -94.323928
36.24691 -85.95042
32.157973 -94.342947
36.185441 -89.665252
32.908117 -111.73956
39.30153 -87.987465
47.519246 -120.493708
42.836277 -106.320225
36.688323 -93.870102
39.22176 -111.033667
46.271852 -122.903918
29.344409 -98.882152
42.212825 -73.869612
42.937043 -75.855432
37.694517 -113.100443
38.858356 -107.953139
41.998597 -91.663308
43.219408 -85.553023
34.010658 -85.250283
39.748424 -83.812177
40.553648 -84.564783
31.792989 -94.179973
40.730632 -92.870897
41.114711 -98.003415
37.200404 -87.171968
38.517291 -89.132952
39.208964 -92.135508
46.729136 -122.982797
34.179499 -85.656496
39.04257 -76.064135
30.968076 -87.259986
42.828507 -103.004283
37.18118 -89.657848
39.93509 -77.645272
40.098548 -88.24774
35.702864 -96.878862
37.676018 -95.459986
32.02465 -106.378856
41.572344 -81.20909
41.015351 -93.305626
43.065283 -92.67785
39.486341 -88.176077
34.007653 -90.055166
36.9073 -89.349156
38.380421 -81.690908
32.902255 -80.015543
38.445711 -85.673162
43.250913 -72.417035
41.384597 -71.621423
39.297579 -77.857921
45.309113 -85.251857
42.568394 -84.835291
35.249654 -80.815826
18.343435 -64.922061
38.057542 -78.483837
36.801925 -78.462877
43.847655 -92.185076
30.699064 -84.846679
35.058645 -85.211137
45.639155 -84.476836
35.470179 -95.527683
47.832632 -120.007335
42.311438 -84.017371
47.490565 -117.583303
34.692689 -79.914
42.754457 -95.551834
36.305457 -91.531423
35.382722 -81.381857
38.730593 -76.647249
35.141589 -81.859807
37.917056 -89.824157
41.362707 -74.278079
34.707497 -81.213333
39.214499 -76.063775
45.310185 -91.646965
41.14109 -104.806118
41.827126 -87.895427
35.032213 -97.952197
39.750248 -121.843748
34.427361 -100.213205
39.796065 -93.551176
39.345962 -83.005219
44.029033 -88.156324
36.155386 -109.582207
34.763797 -112.467858
30.777037 -85.539973
47.487825 -92.88315
43.048383 -75.878237
37.11481 -120.24802
17.725245 -64.780792
37.976686 -89.061257
30.404173 -92.216171
43.096277 -77.911449
39.185505 -84.462043
39.605129 -82.937356
32.384114 -98.982366
32.859117 -86.651536
43.85023 -84.855992
43.374025 -72.354033
36.295445 -95.635401
40.739111 -95.038714
42.728561 -93.729411
41.212332 -79.382285
39.284691 -80.329376
34.196976 -90.57456
35.47186 -93.474714
36.576674 -87.345509
33.611534 -95.056076
32.160363 -81.917014
39.37998 -97.124005
34.888409 -83.396186
41.014806 -78.4388
38.948609 -122.627477
43.141886 -93.375489
38.958341 -122.743606
46.823528 -122.473754
32.339414 -97.398481
47.202247 -120.958189
34.589682 -83.755352
33.743594 -90.723322
41.443638 -81.605443
36.307052 -96.467305
35.175402 -84.851227
30.344012 -95.085689
26.748046 -80.93119
33.046865 -109.309401
31.782235 -97.578621
37.816269 -79.817711
42.971316 -77.230473
40.155826 -88.963843
39.663151 -87.406451
41.841691 -90.203302
38.368899 -93.768559
35.002355 -78.328741
35.510139 -98.976673
34.457513 -81.871813
44.62322 -88.761128
46.707427 -92.438093
35.102669 -81.222927
38.803364 -123.015911
34.414716 -103.214804
41.304327 -82.982461
32.404032 -99.498761
36.144147 -120.352062
18.058767 -66.369846
42.682075 -74.498893
32.390238 -83.346608
17.972547 -66.291245
44.522764 -109.050402
36.942388 -82.472704
47.70665 -116.763683
37.033824 -95.629703
45.079726 -94.228032
39.386976 -101.047418
41.567427 -72.337609
45.457426 -94.429757
41.429493 -73.949901
41.946785 -84.986142
40.48269 -84.631441
31.823846 -99.426302
39.096029 -120.953354
46.881346 -117.364122
30.626675 -96.331052
36.363989 -95.837239
38.256935 -76.97469
36.984137 -112.972901
32.396474 -100.869376
38.872952 -104.77064
37.101848 -85.302898
31.254121 -89.82252
38.955624 -92.327874
34.036236 -81.077207
35.615728 -87.062901
41.15874 -85.481432
48.372812 -114.194299
33.169471 -86.608767
40.896283 -80.69474
32.484694 -84.981031
39.231561 -85.920718
37.170063 -94.844214
33.501897 -88.391502
41.436548 -97.354859
40.021161 -82.968532
29.702778 -96.557057
43.336063 -89.01832
33.634273 -88.446563
39.208445 -122.012902
48.542791 -117.895137
31.901532 -98.603219
29.966986 -98.913282
34.218313 -83.464338
33.242529 -95.902234
37.848035 -122.017053
43.226435 -71.575202
35.489602 -80.580668
39.567916 -97.654895
42.806475 -77.708242
41.934646 -80.610194
46.679763 -118.852016
39.650043 -85.14427
48.172797 -111.946755
30.124438 -95.452893
41.840955 -85.667361
35.067649 -92.437239
36.161823 -85.515552
32.977829 -111.53151
43.065181 -85.93626
43.379458 -124.2437
43.17851 -124.181586
36.085268 -119.563195
31.965331 -83.775635
34.931634 -88.514334
43.259938 -73.831618
34.514406 -83.549005
36.412028 -90.58864
39.93039 -122.178433
42.136518 -77.044939
31.951468 -110.789468
27.745333 -97.412599
41.928225 -79.63313
32.090628 -96.472831
37.353818 -108.577016
42.604246 -76.182202
44.575091 -123.287357
38.22547 -86.140301
40.263918 -81.857449
43.789158 -123.062803
30.986236 -92.048374
40.388516 -122.307717
34.728476 -112.014826
28.437087 -99.23684
38.405329 -76.786609
40.140933 -87.390552
40.118929 -84.349978
35.563046 -89.655404
37.781292 -79.985863
42.347104 -73.833431
40.860858 -99.98351
40.519995 -107.55689
31.392816 -102.351652
40.04364 -86.909951
30.185215 -84.347678
41.78434 -124.183908
29.479776 -81.540949
43.376143 -92.114215
40.458992 -78.580415
41.059127 -94.363
30.756094 -86.568484
43.91298 -123.015343
40.624778 -96.957284
37.186415 -78.175639
37.984448 -75.843547
38.759834 -84.619464
31.314266 -95.454161
27.846765 -81.560942
47.775016 -96.607494
39.77301 -82.088437
46.479232 -93.934414
29.628959 -83.111955
33.140514 -91.958877
35.933188 -85.042565
30.214652 -92.371693
38.060433 -78.685221
18.32577 -64.777578
28.691898 -99.826449
28.888052 -82.589712
31.982556 -90.356623
38.062833 -91.401372
29.105099 -97.289519
34.179434 -86.843505
35.320013 -83.188619
38.469245 -78.002975
36.973755 -82.982964
39.647447 -78.804586
40.974044 -78.523864
35.97294 -96.760878
48.634013 -112.32996
31.770686 -84.793575
38.385518 -84.295848
38.342418 -77.026456
34.543323 -83.98597
33.005532 -94.644238
36.060538 -102.515287
44.921879 -123.30997
32.812727 -96.972001
34.793097 -84.938953
40.802158 -81.709886
41.45896 -73.426623
36.017496 -83.437032
42.562575 -77.700673
40.118599 -87.633119
37.630164 -84.773308
36.609291 -79.411192
30.597318 -87.837227
39.815503 -83.165765
31.385138 -81.422374
41.517262 -90.512939
41.255569 -97.126392
38.553373 -121.738186
34.500734 -97.115753
42.095324 -89.084378
31.773622 -84.439882
39.291252 -119.533488
39.754825 -84.16816
35.488876 -85.015979
30.067841 -94.892386
46.317706 -117.97792
34.559441 -87.001129
39.845729 -88.937174
40.827785 -84.928326
33.229557 -97.590717
43.304283 -91.782584
13.487743 144.812921
46.397941 -112.732302
47.955903 -117.468639
30.317181 -95.305325
41.28448 -84.355116
30.733743 -86.130341
41.954758 -88.726171
35.773324 -119.265874
45.038421 -93.787214
42.621413 -88.638026
32.455148 -91.491778
42.283366 -74.919801
43.827668 -96.716352
40.58743 -86.677046
40.839254 -84.341976
29.369159 -100.881893
38.746594 -108.061647
41.575599 -83.999517
39.352946 -112.573478
28.991713 -81.261439
32.266333 -107.752264
32.50599 -87.828146
41.192569 -87.211425
42.018103 -95.347389
33.317242 -81.137062
38.872302 -75.819755
33.093039 -97.066276
33.126483 -97.240161
39.710774 -104.955096
32.967345 -102.835102
34.043394 -94.343051
30.453766 -93.438732
30.856066 -93.294939
33.525411 -91.438467
33.944941 -116.497618
41.619352 -93.656127
38.968024 -94.962657
38.124145 -90.562573
42.489752 -83.227211
46.799843 -95.829649
48.110226 -98.858122
29.148347 -98.897989
34.290293 -91.338117
41.82412 -90.546675
36.792409 -89.968991
30.394333 -89.365506
31.190929 -94.781829
46.885456 -102.786789
36.060236 -87.364102
28.669807 -99.177396
45.227448 -112.630945
34.41733 -79.359693
34.548219 -102.317203
37.902207 -121.611672
38.444983 -121.834573
41.852951 -89.481744
44.030104 -92.855092
37.756788 -100.011964
42.965515 -90.130641
30.072851 -90.923284
31.04095 -84.874312
42.718041 -85.734434
36.978163 -120.633707
31.22612 -85.425301
31.350383 -109.543214
31.511685 -82.84868
42.649643 -86.197091
42.753293 -105.3831
39.141241 -75.543496
43.226306 -70.899625
41.982547 -86.108166
40.411118 -88.887834
42.475045 -76.293878
32.53722 -82.919988
32.088665 -98.342338
41.11929 -78.76262
42.506218 -90.691071
46.765574 -92.12902
33.884793 -91.486833
35.868372 -101.965714
34.515253 -97.962302
41.95782 -83.660254
40.363795 -85.184488
42.460506 -79.339732
35.377171 -85.388175
35.317523 -78.636505
38.017557 -89.232631
42.907955 -83.985164
37.289287 -107.869874
33.079138 -89.856737
33.999943 -96.393378
35.980955 -78.947743
41.095206 -88.435536
36.074642 -89.004537
36.06071 -89.358888
42.479999 -91.117237
34.111854 -109.286531
39.644584 -106.82626
42.664604 -93.90382
29.586844 -96.331945
40.30801 -112.00679
28.701708 -100.471173
35.923815 -119.278771
42.779875 -78.598786
32.398199 -98.825386
40.643542 -80.571376
32.194206 -83.177141
38.76689 -76.065514
40.838978 -80.541664
36.775651 -89.383252
39.952124 -76.506388
39.945309 -120.932845
41.022688 -75.213377
44.284562 -83.492975
42.790992 -88.403791
40.529429 -104.713825
39.748358 -84.635603
42.505596 -84.65451
33.328561 -83.388048
46.868226 -122.270205
44.860859 -91.447203
40.484465 -78.733571
36.502122 -79.744547
36.065841 -76.613077
33.785197 -81.925195
42.838856 -89.05599
35.068313 -106.183534
41.876696 -80.129846
28.975111 -96.650065
39.644737 -106.564801
39.120894 -88.540198
64.666431 -147.097017
34.109944 -82.869663
29.198508 -96.276623
32.769055 -115.546349
38.351041 -92.577313
33.208572 -92.662966
37.815688 -88.439956
37.815098 -96.85048
35.5371 -105.92963
37.869789 -94.023114
34.030774 -98.919105
30.349494 -97.37912
36.297071 -76.233278
34.625482 -78.616196
37.788405 -85.92103
35.406822 -99.413339
41.658247 -85.926438
42.692374 -88.538204
36.248754 -80.852281
38.934469 -79.846002
40.836778 -115.772816
44.566013 -93.333923
38.404182 -78.628305
47.001258 -120.53555
41.730481 -74.387697
34.683566 -84.486367
38.733878 -98.227915
44.538621 -68.427748
44.733436 -92.482438
40.853149 -80.268213
42.071566 -76.809034
40.776335 -89.969943
32.750881 -111.562575
40.739999 -89.014602
31.780239 -106.389031
35.453541 -120.633753
35.522928 -97.958573
30.128208 -97.592673
40.154279 -75.865131
40.274226 -85.839502
47.905099 -91.853013
39.248049 -114.874543
18.010928 -65.911486
32.148264 -95.436497
43.113791 -94.683238
43.877758 -116.487409
39.723106 -77.360676
38.4114 -96.19078
36.698482 -77.545666
41.510729 -78.243422
36.179194 -77.67075
34.54606 -91.964499
36.401999 -97.89186
32.332346 -96.630807
31.328965 -85.794087
39.357377 -111.581384
47.312648 -119.550208
43.039743 -71.067012
42.08554 -80.114855
36.143997 -82.408735
37.792464 -120.995505
45.727457 -87.082446
35.986739 -106.085246
38.695279 -122.019465
45.298665 -122.333397
40.363508 -105.518915
43.404042 -94.834568
33.328768 -112.442969
35.337425 -84.525157
38.934959 -95.096968
31.879574 -85.141788
44.065995 -123.076636
30.491126 -92.419264
32.439465 -103.159051
40.777356 -124.169828
40.713988 -89.274949
37.823741 -96.290839
38.499469 -90.632649
41.260088 -110.963739
37.978539 -87.537393
42.777846 -89.296179
36.862543 -83.204061
40.013306 -78.373013
31.429395 -86.95576
39.658971 -105.311342
48.908535 -122.346098
39.344176 -94.233468
31.505886 -106.153246
64.846292 -147.711366
40.746233 -88.512996
40.142345 -97.177569
39.883491 -79.961893
38.259143 -122.036061
38.380474 -88.369217
41.009422 -91.95404
31.725269 -96.16908
36.031454 -84.87053
35.078938 -76.970761
43.602144 -73.240217
43.640051 -94.466611
34.496694 -79.116052
39.469497 -80.149881
40.41618 -85.648624
35.960378 -87.10776
18.282618 -65.711953
27.223912 -98.14697
39.486754 -118.794249
40.061258 -95.600286
46.86245 -96.82068
44.29407 -93.281853
33.166485 -96.362719
32.773269 -92.400835
44.671915 -70.148576
37.838181 -90.485144
43.390571 -71.065085
36.746471 -108.162067
35.584367 -77.589448
37.286224 -78.390777
33.694825 -87.830734
39.148113 -92.688363
35.052625 -78.977004
35.11547 -86.574364
36.267419 -94.179749
35.800108 -79.086445
38.69612 -75.771249
27.767934 -80.594681
46.288617 -96.069587
30.628505 -81.451376
39.598047 -119.228975
31.6388 -91.556864
42.565842 -114.613149
34.4019 -118.91565
41.052566 -83.64058
36.860053 -120.459006
40.118804 -104.944081
31.712975 -83.257838
35.203032 -111.624792
38.423585 -83.734951
42.988756 -83.694698
38.671795 -88.485936
34.74708 -87.676087
33.060988 -111.376412
38.359104 -105.098177
43.994236 -124.108268
34.203177 -79.809769
29.14131 -98.156623
18.417749 -66.599266
33.983179 -101.338075
30.349787 -87.686189
30.839274 -82.002682
43.781484 -88.441302
33.81698 -92.418587
32.365026 -89.473093
43.261465 -93.640283
35.330746 -81.877374
45.285152 -92.960338
38.486817 -122.90562
47.950827 -124.382458
32.733064 -96.432937
35.009508 -90.785982
33.039209 -83.947849
36.71569 -93.173816
42.992731 -88.814383
39.422456 -123.786707
38.241076 -87.580317
40.499545 -105.058836
35.744137 -109.059699
42.510479 -94.183965
35.26146 -116.690324
37.830937 -92.123999
40.088059 -104.794704
40.629756 -91.334287
27.75587 -81.795336
40.251668 -103.800061
34.455314 -85.708618
42.917788 -74.5981
31.067248 -93.213775
37.830598 -94.703504
35.307922 -94.413604
30.892709 -102.882701
40.579704 -124.142384
32.550906 -83.889126
30.432627 -86.669611
41.100389 -85.138898
41.159923 -83.413684
28.378979 -81.660368
45.662389 -111.191923
42.656371 -84.08599
43.332753 -83.737571
40.283259 -86.514912
38.193914 -84.821102
36.725774 -86.581032
29.803285 -91.504414
43.445618 -71.622554
35.185699 -83.384666
41.396058 -79.838301
36.681452 -76.938609
41.169639 -74.545664
30.846598 -90.148295
39.936006 -105.798892
34.818759 -118.944922
39.415817 -77.408163
34.391193 -99.014399
30.273813 -98.869231
38.282122 -77.508156
37.561065 -90.289915
42.293495 -89.63027
43.465758 -85.951597
41.440935 -96.494819
41.349654 -83.118293
36.787755 -119.761114
34.639737 -102.72174
35.638354 -101.591638
38.93311 -78.165713
27.733078 -81.559135
36.504438 -88.879996
34.272094 -88.404964
38.852856 -91.949109
33.982171 -86.013753
35.085468 -81.656738
29.656824 -82.371036
34.262481 -83.855497
33.629767 -97.13669
36.66996 -80.910802
42.419077 -90.431172
37.069883 -94.635264
40.941849 -90.355829
40.732584 -82.804468
29.492773 -90.321378
35.521125 -108.741057
38.269358 -121.300242
29.287801 -94.822135
15.163811 145.732025
37.972333 -100.852871
38.926121 -119.736521
43.099499 -93.604622
38.282812 -95.24312
41.27377 -81.089785
35.256189 -81.152167
31.438195 -97.739873
30.451498 -88.63762
44.989318 -84.680677
41.449963 -90.154855
42.796608 -77.80851
31.037275 -85.879991
42.882838 -76.971266
41.801578 -80.943528
42.0885 -88.703165
41.536928 -83.366423
38.690269 -75.382349
38.229847 -84.560761
38.86234 -83.899137
33.364641 -79.298223
40.464319 -88.37299
30.183156 -96.932403
39.104106 -89.814086
44.273303 -105.484013
40.74053 -87.99851
32.732263 -94.946939
37.080866 -121.609942
37.510162 -94.843853
43.98397 -84.487229
36.997889 -85.925425
48.209584 -106.62162
44.771544 -94.148997
47.123455 -104.700056
31.929589 -81.923702
43.321329 -73.654039
38.933945 -80.814534
41.042999 -95.756194
39.270186 -77.005326
39.514526 -107.313439
33.406324 -110.797826
37.419107 -76.527717
39.502381 -82.077119
42.993676 -74.388959
42.401882 -124.42359
38.48656 -76.720862
45.822481 -120.818635
26.221053 -81.563994
35.387238 -77.983388
36.509642 -121.439172
29.511694 -97.446344
42.936509 -114.715474
39.345186 -101.713826
42.887785 -83.487723
40.931528 -100.159861
44.332556 -75.465437
42.480458 -78.932452
30.957576 -85.504494
48.414898 -97.411136
39.337188 -80.031236
33.100905 -98.579295
30.039568 -90.695903
32.444939 -97.7598
30.503666 -88.32375
47.906425 -97.057269
47.949056 -97.374518
40.925749 -98.354756
39.089062 -108.567452
42.942857 -85.6686
47.23171 -93.525484
32.675103 -95.711196
46.240153 -119.846969
46.344245 -120.19148
30.22351 -95.320141
45.926204 -116.123467
44.809871 -95.539515
48.097647 -121.970597
30.604982 -98.393507
35.160006 -107.848057
42.429804 -123.321705
40.591111 -112.457353
33.235944 -84.821733
43.410896 -73.268195
39.230994 -120.99919
33.002021 -83.540932
44.667422 -84.717016
38.336337 -82.926051
42.218688 -73.365368
38.368092 -98.777648
47.501365 -111.284285
40.404427 -104.731568
44.505538 -88.040508
35.228347 -92.383593
39.646777 -86.848102
36.166771 -82.809927
36.326607 -121.24503
42.587098 -72.5666
39.35012 -83.390314
36.33436 -93.428513
41.518829 -109.471625
33.574371 -83.179061
36.097302 -79.843953
39.341455 -85.485296
40.481782 -85.979713
31.830725 -86.625147
38.887321 -89.400406
43.181411 -85.263948
33.398651 -91.038739
35.582955 -77.370517
40.103992 -84.62491
41.415097 -80.362757
34.844374 -82.442284
33.124169 -96.109955
43.094151 -73.511541
35.214647 -94.255183
33.512656 -90.174088
34.205121 -82.168376
33.763394 -89.806541
39.359714 -121.685588
35.383165 -77.431276
41.74279 -92.724935
40.65599 -86.133502
31.520928 -96.528531
38.272234 -78.824457
36.592166 -94.796145
41.157008 -80.082436
34.965323 -120.574576
17.979207 -66.093809
38.498966 -122.997327
30.401252 -89.023802
32.313476 -96.13792
42.628039 -85.524694
38.543303 -106.935532
39.141117 -111.81821
37.253838 -121.002987
35.878387 -97.419133
36.688117 -101.474537
39.640409 -106.940959
39.421717 -77.943432
43.505077 -114.297282
21.570008 -158.126758
34.231419 -87.622691
37.529391 -122.501344
35.8759 -89.392604
32.504514 -94.579329
33.223063 -91.797245
34.138791 -87.998586
46.240195 -114.155467
42.825741 -75.544692
31.70333 -98.119704
30.49271 -90.481625
39.632765 -74.790119
42.094033 -88.521743
34.385913 -77.650522
42.744709 -93.20484
32.858826 -81.097559
34.068616 -86.77027
36.346251 -119.639307
39.709099 -91.389416
39.812439 -77.033723
32.280884 -81.074371
45.733109 -107.613605
41.145614 -74.610882
41.651154 -95.326535
36.849168 -83.326007
33.415778 -82.319789
26.166611 -97.705324
35.457771 -97.172943
35.885037 -84.556988
38.924279 -75.563269
37.733752 -88.548961
44.272089 -123.164916
40.245625 -76.86615
43.425936 -96.700752
36.242592 -93.11765
44.017659 -84.792431
39.25226 -84.784731
38.42379 -78.886021
38.651687 -94.349926
37.764261 -84.846036
43.693624 -86.374801
41.740122 -72.69883
40.455095 -85.369334
34.84851 -95.565139
34.372875 -80.087967
34.352808 -82.931293
42.425261 -88.621108
33.161707 -99.733227
42.658914 -85.296358
44.735266 -92.866064
40.592563 -98.396581
31.318542 -89.343147
30.620486 -84.41633
40.294816 -90.060461
34.899539 -76.904754
48.54461 -109.680469
19.552008 -154.95759
32.280412 -83.473369
38.525201 -118.624663
38.872959 -99.312075
36.234609 -89.75636
46.010496 -91.483963
37.258062 -83.201135
34.939223 -86.583694
31.864841 -82.600961
31.862299 -90.394094
40.983517 -75.98017
31.330709 -85.341614
30.876055 -96.596965
34.895267 -94.604126
27.310182 -98.680199
40.502128 -111.422573
35.499809 -92.031748
41.326526 -87.202938
46.614109 -111.993456
34.541635 -90.633669
33.753011 -116.979374
30.09304 -96.074997
36.31653 -78.402559
35.453589 -88.661026
32.158669 -94.805049
33.815988 -98.192756
35.44716 -95.97845
34.825597 -102.399138
39.737093 -86.70723
45.858697 -119.286647
38.139948 -97.42774
40.318434 -88.968699
39.852687 -95.535871
47.413891 -92.92933
35.754927 -81.42105
41.293747 -84.765274
38.801808 -122.554199
39.07455 -93.724928
38.750097 -89.66739
29.163539 -98.460552
35.941475 -80.011204
29.826743 -82.596402
39.160352 -89.493918
38.349909 -97.202926
38.234848 -90.560072
39.209358 -83.612629
32.010023 -97.112089
43.129884 -71.898644
41.928247 -84.628387
37.409772 -120.851958
19.699591 -155.085319
32.155561 -80.74842
31.823468 -81.617173
37.669813 -80.891394
35.025518 -99.096218
32.730954 -103.137666
37.57237 -85.738613
35.550596 -87.552547
38.517668 -98.777326
34.913823 -110.155303
33.92601 -78.318381
35.082866 -96.402344
40.442506 -99.375077
38.927172 -89.93886
42.801449 -86.103918
33.178325 -90.857672
36.841983 -121.392732
32.837478 -106.077672
42.797677 -83.61668
34.771768 -89.443523
39.464173 -95.741201
32.811892 -115.383265
43.617986 -116.933383
32.78784 -93.06466
31.038788 -82.751975
32.473759 -97.160445
36.418809 -96.397351
28.886829 -82.430749
29.348717 -99.142328
34.447275 -82.39641
42.919099 -77.617733
41.562817 -75.249603
20.075823 -155.460329
45.706903 -121.524161
33.45499 -94.313684
40.465766 -87.672107
42.901018 -73.350027
33.664172 -93.59268
36.857904 -87.498507
43.449372 -88.633871
42.342857 -77.667551
37.158947 -85.929285
30.544997 -98.353449
34.471214 -93.079474
43.431536 -103.478572
34.661302 -92.96831
47.115178 -88.584053
44.297204 -84.764058
46.124355 -67.838251
29.66959 -90.754108
33.900306 -89.001262
29.784308 -95.393531
40.82372 -78.356126
42.27182 -73.763698
44.969262 -92.727941
34.008175 -95.510884
37.175347 -101.345037
42.724933 -94.221679
35.817538 -88.898676
38.298272 -86.954613
40.491267 -78.023704
40.884226 -85.501075
38.412839 -82.440797
34.741669 -86.639233
30.710019 -95.54429
36.203285 -120.098093
44.363507 -98.221582
37.182272 -113.351831
38.067851 -97.914304
44.88951 -94.377432
41.898464 -93.57419
33.890434 -94.820373
43.495177 -112.00085
43.018465 -75.029661
43.01883 -83.076587
26.42267 -81.438103
39.25977 -119.996884
42.471433 -91.888659
37.229062 -95.714514
40.611026 -79.161531
39.811262 -86.145521
41.358833 -93.564329
33.44663 -90.647373
47.755476 -122.489378
27.014635 -80.42883
33.748472 -116.346614
27.884284 -97.19722
29.648505 -81.873122
48.591808 -93.384879
37.930244 -95.398747
38.36031 -120.949654
42.980922 -85.069012
30.240258 -93.002595
41.68132 -91.558532
42.520094 -93.26728
33.955931 -98.674356
45.803707 -88.035155
46.077758 -88.630893
37.585879 -90.629496
46.45365 -90.175708
45.893294 -119.501924
37.695161 -83.966846
46.495731 -87.660607
42.461246 -76.478854
33.498247 -90.331221
33.222447 -98.168102
31.511215 -87.895483
38.348812 -120.765336
33.293318 -83.960982
37.557937 -83.377908
42.245133 -84.410962
43.626897 -94.989048
32.327709 -90.156689
35.658449 -88.837398
43.472006 -110.757114
30.240149 -81.642722
39.729898 -90.235699
34.74412 -77.417712
31.960481 -95.264222
39.042424 -82.636141
42.800999 -72.021258
42.102361 -79.264399
46.913177 -98.698921
39.6505 -83.768414
42.699722 -89.00433
33.850876 -87.263137
30.516287 -82.956612
34.474124 -84.448663
38.396054 -86.946163
35.087775 -85.622446
30.92025 -94.001235
18.203097 -66.598547
29.903408 -91.639163
29.726253 -90.124755
34.117968 -83.591647
42.014345 -94.380506
36.394115 -81.483653
41.738626 -80.771302
38.576293 -92.202958
41.03254 -74.513008
31.689589 -92.132576
30.229007 -92.653808
42.726147 -114.519731
41.18749 -77.304899
39.118065 -90.334126
31.590739 -81.878878
41.603157 -71.967166
40.882054 -75.747459
36.337715 -82.350994
43.079053 -88.771069
39.038646 -119.733926
37.818109 -88.92712
40.329846 -104.908271
40.150806 -82.688762
40.303142 -78.896776
35.831693 -90.68614
32.250263 -92.714115
28.97603 -95.477533
37.101212 -94.499217
44.661476 -93.633371
18.121667 -66.478465
30.490759 -99.773222
39.091847 -96.790133
44.216679 -123.207227
58.386065 -134.592873
43.407648 -88.702925
26.917483 -80.219011
33.082294 -97.299874
20.884614 -156.479744
19.58585 -155.942472
21.388604 -157.770666
21.918559 -159.518733
46.004466 -122.835194
42.250182 -85.592401
48.214139 -114.304121
44.739164 -85.171898
40.62645 -111.274528
37.043823 -112.525303
41.661994 -78.80885
41.150152 -87.862319
39.039792 -94.594897
22.092806 -159.352501
20.231224 -155.810776
30.004649 -92.284743
28.886855 -97.899402
44.043679 -92.754083
32.576769 -96.30409
36.722927 -110.251423
39.362112 -94.358305
40.708788 -99.071435
42.938912 -72.288129
21.962314 -159.674738
47.537802 -116.132224
38.970184 -122.831384
41.778588 -110.541737
60.566997 -151.257719
41.446816 -85.263723
28.799247 -97.84923
43.365823 -70.498519
36.240226 -90.04722
46.236218 -119.195133
42.568961 -87.866319
40.647309 -83.605084
40.40752 -91.386209
36.727308 -120.062074
31.854022 -103.090097
30.052084 -99.159519
55.353837 -131.644025
43.683487 -114.372526
41.24115 -89.924008
44.456724 -87.508093
25.01103 -80.529313
39.430272 -78.99264
29.79594 -82.028943
24.569654 -81.751371
43.931146 -88.059246
20.73262 -156.446329
22.210461 -159.406019
32.400857 -94.875379
36.107371 -75.732803
31.094566 -97.751581
36.648016 -93.424196
36.172072 -121.143013
35.848631 -97.936782
38.268822 -77.212041
35.2217 -114.017852
37.647696 -98.113865
30.661986 -98.451026
36.520527 -82.547548
41.926068 -74.046369
33.676472 -79.818995
27.508189 -97.862435
39.471697 -79.681148
46.255747 -84.465224
35.282993 -77.61373
40.196198 -92.581509
36.740734 -108.358498
28.294839 -81.380956
40.813972 -79.528635
42.20729 -121.756458
39.800521 -85.528955
41.292761 -86.616353
41.320124 -93.104526
35.91678 -84.024448
57.804171 -152.373631
40.464312 -86.142625
33.058633 -89.584563
66.894454 -162.587054
33.259263 -97.214978
43.504751 -116.421227
40.514085 -75.781415
26.748938 -81.440228
45.866362 -122.669707
43.53674 -71.460243
48.388713 -122.510582
43.859127 -91.226388
28.962134 -81.993526
45.468966 -91.103261
34.717997 -85.278654
40.427209 -86.885007
30.165251 -92.013468
36.531467 -86.030445
39.99069 -105.103876
36.318821 -84.160354
30.446816 -97.997819
45.328861 -118.079823
33.033731 -85.037473
41.647888 -85.417482
35.305041 -77.790753
41.224816 -82.12942
29.905953 -96.874741
20.880599 -156.682539
21.644801 -157.930847
37.984384 -103.550201
34.250088 -117.235479
30.083429 -92.675865
29.166233 -81.863338
30.003316 -82.355276
30.244735 -93.25584
30.179395 -82.625266
44.443918 -92.276143
33.871787 -79.755853
30.427713 -95.579534
30.465453 -95.558064
30.373193 -95.614807
44.108547 -94.218011
43.607197 -89.779995
42.590575 -88.475529
34.495931 -114.315847
41.619817 -88.671473
35.613189 -118.478368
29.045863 -95.408523
39.688585 -84.692787
28.020979 -81.955881
31.037804 -83.071475
38.006315 -77.542813
34.609839 -117.830337
39.983856 -77.040722
43.079675 -88.904952
34.63818 -111.782155
37.917531 -78.32122
34.099046 -81.383838
35.556139 -81.023108
39.009801 -121.034707
38.342756 -77.761272
34.134848 -109.955177
28.792486 -82.128177
30.687749 -83.203177
27.287179 -81.363124
44.279914 -73.984212
41.586781 -72.518931
39.132821 -122.863108
32.808898 -91.183482
33.323491 -117.151854
61.586613 -149.355002
33.281696 -87.1413
42.187803 -120.352516
33.33066 -91.284349
39.223911 -121.196761
38.084581 -102.618225
37.497244 -94.274184
32.733076 -101.949776
31.065 -98.185146
20.827103 -156.920025
37.614262 -84.578703
39.725886 -82.600239
40.099901 -76.31515
34.702315 -80.773224
42.848647 -90.709749
34.619573 -118.092355
42.833238 -108.734922
35.172162 -82.183494
42.721126 -84.535279
43.054375 -83.319352
43.734206 -121.528276
41.316465 -105.604642
27.535328 -99.477843
38.181405 -99.113136
38.065675 -103.220456
32.332902 -106.761806
35.608286 -105.223373
36.134893 -115.167218
35.13567 -114.6237
31.69063 -89.158354
45.678365 -108.761761
39.330229 -75.029414
34.499963 -82.015963
34.76428 -79.472888
47.211307 -88.432902
38.955611 -95.259337
38.043204 -84.906224
35.246062 -87.331027
39.116231 -84.863538
38.731654 -87.678856
36.766423 -77.832506
34.618346 -98.416483
44.358228 -103.753526
39.250127 -106.293312
39.290243 -94.920175
47.58695 -120.664741
40.051769 -86.472319
37.568361 -85.25485
37.669549 -92.660851
44.51266 -122.884155
40.351244 -76.405113
36.215553 -86.318533
36.903968 -82.070381
43.64206 -72.314333
42.319019 -73.266026
31.737686 -84.172487
28.81459 -81.773859
38.898133 -94.375685
31.13991 -93.268741
37.490082 -86.259803
33.406439 -90.893673
42.784584 -96.167207
36.262424 -119.88913
42.380435 -89.826697
42.569209 -71.850936
38.288484 -76.64737
40.343172 -88.76255
42.976148 -77.990293
44.461794 -93.903324
33.584715 -102.368383
38.731601 -75.143678
35.450049 -86.795884
37.78858 -80.452317
46.389236 -117.027274
44.081998 -70.183409
47.064943 -109.431629
40.615495 -77.564271
39.181157 -93.872665
40.779099 -99.74358
35.6653 -88.388489
37.789759 -79.424391
38.023468 -84.495346
38.308654 -76.466475
48.393944 -115.562187
37.044679 -100.935296
41.796663 -74.742618
30.063237 -94.788143
41.460486 -85.594438
40.245852 -79.213608
21.975754 -159.361677
35.397031 -78.82702
40.739655 -84.119864
40.135406 -89.378652
40.807124 -96.680368
46.760491 -100.698539
44.954511 -124.010086
35.474126 -81.230399
32.502655 -95.411132
36.208703 -119.093361
34.838297 -97.607995
38.575601 -97.674006
45.372624 -92.868045
39.037197 -87.165565
40.768172 -80.702493
41.740678 -73.215193
39.178856 -89.647586
45.128039 -94.522422
45.978977 -94.361
43.044835 -74.856688
33.919353 -102.333468
34.756564 -92.321221
39.74574 -77.084814
44.306312 -71.765159
39.274299 -121.66386
30.290693 -82.985439
37.68507 -121.755683
44.485303 -70.191785
45.659095 -110.565229
36.3892 -85.323649
30.710597 -94.933456
30.534937 -91.53842
30.749773 -98.678836
40.008302 -104.722944
29.872185 -97.677028
41.129716 -77.443169
43.162301 -78.678358
35.260591 -80.428998
38.138811 -121.275459
41.033562 -82.011465
43.31537 -89.535502
39.53658 -82.403316
41.725005 -111.836455
37.844328 -81.989323
40.755635 -86.351193
46.75754 -114.079672
34.662566 -120.462052
39.898433 -83.452672
37.054519 -84.08267
38.464565 -76.491882
40.169842 -105.099006
38.633812 -75.165416
45.971905 -94.861439
32.517275 -94.779451
46.144537 -122.946359
34.780864 -91.902572
44.48007 -93.426335
38.676779 -86.91344
41.405056 -82.155415
35.892176 -106.289749
33.982668 -118.104332
37.063108 -120.842602
34.766901 -106.710854
40.036074 -122.110012
38.110053 -82.603837
38.617278 -94.676962
36.097746 -78.301598
39.443045 -91.059805
33.004542 -82.399173
33.126772 -89.061107
38.231308 -85.674586
32.950726 -103.349534
41.299639 -87.417441
42.934168 -85.388325
43.787392 -75.486193
33.559247 -101.893174
38.884861 -82.965121
30.908997 -88.598765
43.962538 -86.430986
31.334315 -94.738812
34.389996 -83.672359
29.681389 -97.645811
34.638149 -79.017383
38.664776 -78.45099
43.655807 -96.211957
40.573655 -76.699208
37.390809 -79.207053
48.926016 -122.470877
44.527868 -72.007642
38.344094 -98.203834
29.224268 -98.807505
46.212947 -119.996102
34.930036 -95.755751
26.241434 -98.17489
30.26719 -82.137624
31.249583 -90.454095
39.656032 -81.859625
40.205058 -100.618294
35.675268 -119.222215
33.621951 -91.39399
31.437262 -97.406963
36.135875 -88.512181
40.548732 -89.336179
33.204323 -96.676585
38.093767 -88.538464
45.213913 -123.174315
35.684072 -85.784483
40.460677 -90.676698
32.833366 -83.670808
33.114096 -88.556125
39.743122 -92.470522
38.370945 -97.662215
32.062814 -82.894329
36.971732 -120.063828
34.092221 -96.779728
30.465795 -83.413508
33.591532 -83.470712
38.774141 -85.375692
44.00595 -97.116445
38.062007 -81.82687
43.123585 -89.360564
37.322816 -87.49367
35.516877 -84.360386
30.954018 -95.909285
44.621499 -121.13653
31.875442 -89.730273
33.274019 -93.23365
30.214692 -95.747543
40.198851 -88.387545
35.575257 -81.209236
32.173315 -96.021051
36.567501 -89.975764
44.865941 -74.304641
34.360565 -92.811575
40.672904 -81.188295
37.642582 -118.978781
30.625738 -92.415375
32.853763 -84.622843
42.492553 -91.455026
37.155758 -83.770071
39.66167 -76.88785
42.991043 -71.479666
35.480117 -86.072463
30.433677 -90.107066
34.877401 -99.504709
39.193688 -96.591497
35.882371 -90.170374
44.242833 -86.311777
45.965465 -86.256495
44.116625 -87.653914
44.166448 -93.991141
36.128101 -96.349788
33.693581 -80.221119
30.357145 -97.528603
32.032577 -93.703045
40.755177 -82.53038
41.809807 -77.078316
37.78645 -121.204568
35.925022 -75.76314
39.264249 -111.638263
31.566697 -93.474118
42.065751 -90.667774
32.435238 -111.216379
24.732344 -81.025113
30.577752 -98.279724
42.249052 -88.607132
34.7723 -90.764966
30.774659 -85.240476
18.184534 -66.991607
33.060506 -112.025833
39.407916 -81.446324
45.101353 -87.616729
40.543832 -85.661608
37.332396 -88.07899
35.690561 -82.014075
40.580054 -83.114254
34.173533 -79.397477
36.842091 -81.501961
29.00559 -82.195846
34.208001 -90.284304
31.108815 -92.059442
31.31102 -96.89123
34.646904 -97.95946
46.536879 -87.398747
41.331405 -88.705025
39.393291 -87.693309
42.27511 -84.966411
44.447097 -95.787581
39.113887 -93.196407
32.535275 -94.352266
43.171193 -89.064662
42.039135 -92.917172
37.340118 -92.908008
44.659609 -90.167618
36.339789 -88.852831
40.302819 -78.322908
39.425422 -86.419464
36.695383 -79.898099
39.845391 -96.642565
40.236063 -83.370036
48.052867 -122.145689
40.345401 -94.871188
38.498043 -89.80248
43.149646 -93.195228
39.854675 -79.896919
44.933362 -74.890058
28.104041 -97.84231
46.735585 -119.902426
39.474246 -88.367365
34.766552 -82.255963
43.797318 -90.073367
18.186587 -67.101147
41.491679 -74.213238
36.735426 -88.64227
36.416221 -79.963751
38.658616 -83.768153
43.496015 -88.547726
43.169503 -89.790805
41.619236 -80.152425
33.558331 -116.087201
42.336442 -122.844238
45.137846 -90.345867
47.572195 -117.685501
43.218054 -78.405646
35.827682 -88.798216
45.67611 -94.816018
35.095071 -89.917857
34.580834 -94.237096
36.756432 -120.384422
41.552612 -89.118726
44.900593 -91.899085
37.330955 -120.525712
41.22517 -80.240049
32.390231 -88.699715
45.181787 -89.694396
35.057601 -101.907436
36.810105 -114.07902
40.796 -89.368583
37.158753 -88.72848
32.399952 -82.063296
31.6792 -96.478748
39.168802 -91.886869
39.81071 -79.022714
26.175616 -80.231428
36.889313 -94.873176
41.667376 -86.808569
41.672036 -85.714787
44.012549 -73.165583
41.456652 -81.091903
39.034672 -82.032416
36.61802 -83.711058
39.447307 -75.675288
40.061411 -85.541539
41.450288 -74.389639
39.520327 -84.363418
42.724219 -85.468358
43.616301 -84.219878
31.997137 -102.106821
40.923628 -77.044631
40.545602 -77.403115
45.759705 -93.644053
42.084889 -83.678251
35.911683 -88.759434
45.217341 -96.635053
46.403204 -105.835006
38.896034 -75.411033
40.555218 -75.080078
33.108299 -83.246751
32.80435 -81.940368
40.553972 -81.915653
40.540889 -76.953564
45.654796 -68.703621
38.568886 -75.279908
39.986029 -79.978244
38.453996 -90.090269
38.779076 -75.312653
44.646015 -73.124939
40.947364 -76.85692
43.055674 -88.100524
32.609975 -93.286068
40.497483 -98.951252
32.673 -95.493151
32.808774 -98.098799
40.732358 -81.093329
44.978156 -93.2798
48.23388 -101.287744
48.418453 -101.33705
33.557895 -117.65732
46.87396 -114.034222
41.560065 -95.891384
38.735115 -86.472044
43.714944 -98.029037
38.55976 -109.533632
36.577856 -114.463154
39.417093 -92.43774
30.667396 -88.163457
45.540917 -100.436055
35.902261 -80.556424
37.674451 -120.965861
35.052667 -118.175901
45.156909 -122.58378
41.16472 -87.66202
31.587702 -102.892289
40.138193 -79.884663
36.923046 -93.920943
40.912498 -90.644305
44.853608 -123.209034
33.801243 -83.71084
32.520969 -92.11725
41.92097 -83.388802
42.600101 -89.645033
31.520002 -87.329907
41.049196 -71.944986
29.879991 -94.833174
36.142106 -85.25843
47.008206 -123.385594
44.94848 -95.717074
37.578511 -106.14071
32.302593 -84.030703
32.400042 -86.297468
44.44148 -93.579042
41.176477 -76.88489
38.126501 -81.235109
38.978184 -91.50489
33.622119 -91.793763
33.303192 -83.685989
40.030505 -88.577247
40.766326 -86.768073
42.239408 -91.19004
36.840224 -84.847136
41.662116 -74.695109
45.295301 -93.800257
41.58424 -84.591565
38.481875 -107.872996
45.065846 -93.914513
41.491831 -72.440724
39.058505 -78.960856
26.833103 -81.100431
33.450622 -90.50471
46.434903 -92.764382
45.867484 -93.294754
38.177954 -83.442181
34.740243 -76.858788
41.040925 -111.679242
29.69095 -91.190811
37.687883 -87.909588
39.641195 -79.926423
35.161091 -92.739342
41.373469 -88.423222
45.586877 -95.908567
41.809176 -89.965221
36.197915 -83.34091
35.355298 -120.844623
32.351681 -89.655661
46.73131 -116.993349
41.366093 -75.555215
47.149902 -119.305972
34.478256 -87.27808
31.173919 -83.776561
33.001209 -87.610476
36.475089 -81.810811
37.134141 -92.261683
36.344962 -92.376861
43.140696 -115.690578
43.047883 -115.867648
37.776637 -121.546668
39.407698 -79.391965
36.507243 -80.614222
45.067621 -122.79283
38.419002 -87.769248
40.553827 -82.838907
40.114988 -77.200752
45.360498 -122.000969
43.007636 -89.730191
42.044571 -89.424908
42.737647 -77.87954
35.191875 -78.073608
39.026273 -83.929185
40.964994 -91.546303
43.591746 -84.759939
35.539133 -87.206619
33.166773 -94.97814
39.544366 -111.452718
41.157968 -75.360471
41.323604 -122.32464
39.981326 -90.762035
38.055763 -83.949327
40.382347 -77.871213
38.3179 -88.918401
37.938532 -87.892669
41.924658 -91.409123
37.354144 -84.345792
37.102858 -93.818104
40.393212 -82.467943
33.169348 -95.22841
48.446473 -122.305923
42.88289 -88.374566
35.413179 -94.508525
34.227804 -102.733169
34.203902 -79.260387
40.197161 -85.403847
41.216855 -76.771832
46.38022 -86.65913
36.436052 -77.104051
35.848239 -86.406025
37.777359 -89.333686
36.608658 -88.325636
33.637983 -117.230263
41.427982 -91.062586
43.165623 -86.212952
35.751755 -95.350144
33.763667 -78.850414
39.593926 -74.354788
31.611686 -94.654803
43.615843 -116.610339
41.263564 -70.08895
40.460986 -78.837826
38.295818 -122.290782
41.396114 -84.126404
41.444323 -85.996296
37.40404 -80.801092
42.820934 -71.440785
33.941924 -93.851658
31.20447 -83.247063
38.341635 -89.384152
36.127766 -86.681124
30.524828 -81.78805
31.559012 -91.404613
31.754426 -93.083408
30.363561 -96.083775
40.675682 -95.860014
34.859248 -114.589385
29.394952 -95.838154
34.377527 -84.388052
39.459025 -82.220411
37.425454 -95.684282
36.857375 -94.378464
39.7109 -111.831316
42.016121 -93.453302
37.838701 -94.357269
34.496911 -89.028819
43.049603 -77.061877
40.031561 -82.45765
43.388269 -85.768307
38.538515 -89.696976
41.673929 -70.937061
45.299898 -122.973965
35.070213 -77.050418
46.343636 -85.510244
34.288143 -81.617235
33.463558 -94.424873
40.396653 -84.375259
41.702455 -86.517461
39.576013 -107.534114
39.924639 -85.374501
40.994128 -80.340103
43.850557 -104.209245
40.274247 -81.602746
39.993114 -81.745463
35.296902 -98.986776
43.286059 -78.706512
39.762253 -76.696938
43.060256 -92.316506
41.322999 -72.903344
39.741803 -84.394573
39.716784 -82.20666
45.298405 -94.961817
44.389499 -88.74935
36.596117 -89.540947
37.315711 -121.020618
39.637767 -80.866701
29.954653 -90.143683
40.49161 -81.444406
35.612144 -91.262068
43.373211 -72.179047
44.641247 -124.058318
40.478014 -77.134107
35.972902 -83.167714
44.935595 -72.205827
48.180595 -117.047668
44.540152 -93.574333
38.973762 -84.281548
45.113763 -92.535619
30.692198 -91.458663
36.450303 -83.591649
38.986965 -88.165439
41.699249 -93.043888
38.042165 -97.346807
32.321816 -89.159697
41.058697 -74.752061
44.307977 -94.463531
41.118992 -80.330891
40.718357 -73.970221
37.876913 -84.580638
47.818661 -117.594814
35.031893 -120.502128
33.785013 -97.728017
31.408196 -110.959323
39.293023 -89.293347
64.497169 -165.392923
42.035698 -97.419866
35.214135 -97.445179
36.174581 -84.076838
42.690745 -73.108673
41.181916 -83.669744
45.506929 -92.987287
42.229791 -72.041041
44.015091 -71.117129
45.000886 -101.234107
42.216273 -79.831538
40.65437 -78.766608
44.448766 -93.169159
44.149275 -72.658677
41.006727 -85.772595
41.133066 -100.782855
27.006513 -82.123843
33.530969 -115.933603
39.014858 -85.642719
41.290214 -85.724551
36.164025 -81.171335
39.83354 -99.891388
36.960466 -82.603697
41.249556 -82.615958
42.534882 -75.520632
41.397068 -72.071217
44.773658 -93.918396
36.698942 -95.639298
43.878135 -116.997143
30.817612 -92.658741
41.511053 -83.145816
48.308868 -122.649637
37.326957 -119.641496
33.922417 -78.146796
35.22427 -89.513405
38.338272 -87.348024
43.746395 -122.471063
41.292908 -82.216878
29.154938 -82.13258
29.19393 -82.320981
37.681284 -81.624929
46.491827 -124.04703
38.380656 -75.127487
46.974323 -124.153126
38.549292 -75.099939
31.59681 -83.248262
44.888109 -87.876047
44.877362 -88.142042
27.942778 -97.5864
38.99684 -93.954667
31.865173 -102.400678
42.663 -91.91135
41.132848 -101.721614
41.123076 -111.974898
44.697997 -75.478287
41.427195 -79.70993
27.237241 -80.81005
35.431785 -96.306693
35.504826 -97.524305
35.617602 -95.939579
42.083562 -78.423626
38.730347 -88.084719
33.366858 -98.759551
47.03549 -122.856411
41.234859 -96.034641
48.401847 -119.533298
44.038127 -88.737009
30.815245 -95.110088
42.02709 -96.100497
43.084938 -75.651603
36.515505 -84.502217
42.460155 -98.644527
33.943379 -86.470645
42.452069 -75.061221
44.023376 -116.988748
43.622634 -87.795459
30.535989 -92.084539
31.278143 -86.252855
38.24076 -78.111552
33.497186 -80.87185
43.000214 -96.046793
36.62337 -119.317553
26.287853 -81.565829
42.013999 -89.335724
42.873546 -89.364865
39.744117 -122.196387
28.584434 -81.411184
46.491908 -116.265864
36.54186 -119.285272
39.499249 -121.543103
40.848624 -81.776944
40.651476 -76.113858
43.283015 -92.809947
38.160741 -92.623361
38.633454 -95.82171
38.497828 -94.955673
47.496173 -115.979378
35.713352 -89.967649
41.030517 -93.770584
45.335817 -92.674548
44.026834 -88.563524
41.292047 -92.650128
40.882894 -85.168388
43.444502 -76.517272
46.808386 -119.185317
41.490454 -74.521766
42.452108 -85.667145
41.35275 -88.837563
38.61064 -95.266868
41.024282 -84.045459
41.020245 -92.41095
44.090331 -93.222543
42.114419 -76.264401
37.761226 -87.100522
38.348438 -91.497361
42.994784 -84.16596
34.363788 -89.531313
36.309621 -78.584256
39.506744 -84.746188
34.252307 -119.197945
31.433046 -85.648178
35.49263 -93.844832
30.710001 -101.203568
38.483328 -90.753554
39.604191 -80.933317
37.05408 -88.626392
36.919082 -111.453661
34.766268 -80.383959
37.270814 -107.071991
26.818631 -80.657894
36.192391 -116.004181
37.804252 -82.809252
28.710531 -96.215919
29.635174 -81.652046
31.756601 -95.641311
28.188088 -80.673858
29.259897 -81.073077
39.796214 -91.524287
43.057067 -77.241214
33.216414 -96.937155
35.545952 -100.963809
39.389194 -89.07799
30.194089 -85.677271
30.287744 -85.53002
38.576129 -94.871844
38.556122 -86.468468
39.775327 -121.60205
36.064222 -90.511907
35.290658 -93.72468
39.615185 -87.69436
38.204243 -84.262842
36.299873 -88.305087
33.664769 -95.528542
40.69008 -111.511589
34.149599 -114.295283
39.263146 -81.551728
46.922433 -95.054777
36.610277 -119.539467
37.842976 -112.834111
37.341197 -95.269854
30.37473 -88.529772
37.471685 -121.132543
40.625593 -78.676818
41.143029 -84.581408
34.730908 -97.226029
36.664251 -96.327241
33.454824 -79.131685
39.592763 -89.584777
42.18332 -85.832807
42.197232 -86.255887
40.467056 -88.091869
34.24479 -111.327045
48.942253 -122.140706
37.33295 -80.716498
28.898349 -99.096173
33.00562 -97.509175
32.372404 -97.663569
31.412032 -103.504973
31.130385 -84.156221
41.402699 -92.919914
33.572997 -86.267782
34.690769 -79.202296
45.666238 -118.801317
42.655133 -77.059197
30.48527 -87.253422
40.701811 -89.585277
41.330733 -87.796345
46.597166 -95.576485
30.108315 -83.579657
41.839845 -94.107297
42.829286 -84.226247
42.712378 -78.009613
36.294279 -97.288146
36.387485 -100.811223
37.72319 -89.869476
40.748082 -86.08063
41.334831 -89.122382
45.061261 -87.743878
38.251578 -122.645589
42.888066 -71.950733
39.999559 -89.851248
38.995567 -79.129697
45.368294 -84.950693
34.43268 -117.551778
32.772569 -89.121914
39.973331 -75.298163
39.149534 -80.038059
40.924305 -78.211836
39.754952 -99.321512
33.494067 -111.970041
30.534815 -89.677016
32.331198 -111.215046
33.924786 -85.608294
44.376647 -100.328952
29.963222 -91.205815
36.382868 -90.193955
37.485612 -82.544275
33.398257 -96.955518
38.078843 -89.375049
34.218662 -92.038554
45.828969 -92.965252
40.542961 -76.384866
35.175235 -79.433722
44.19811 -92.628467
43.02495 -102.548542
43.998025 -96.321328
40.149196 -84.240346
35.725899 -79.172147
37.415299 -94.698341
32.997952 -94.965234
40.456961 -79.951005
39.608817 -90.810783
44.785683 -69.38318
42.481061 -73.22006
38.721711 -120.771945
40.105253 -83.275061
44.16451 -92.164159
34.193928 -101.713927
37.288887 -120.320295
39.344276 -94.771415
42.735231 -90.478039
44.68041 -73.486849
41.006646 -95.892909
38.797479 -94.258816
28.964383 -98.48801
36.392775 -87.036365
39.005075 -121.550928
41.335767 -86.317106
43.765326 -71.691389
35.853461 -76.749562
43.755153 -87.978972
36.268004 -90.981086
42.883282 -112.446821
38.068985 -75.555234
41.318598 -74.939958
28.188725 -81.495091
28.071704 -81.504402
38.842605 -82.136021
35.890232 -106.018294
41.773265 -93.719794
47.691397 -114.157979
36.712489 -97.072442
18.018315 -66.634192
40.879426 -88.633862
34.247566 -89.010674
39.137918 -77.404871
48.113905 -105.188189
36.763366 -90.416698
36.08344 -119.161116
40.37765 -78.669529
43.549946 -89.467654
36.430699 -89.701042
34.178961 -103.338219
48.109938 -123.426267
29.962028 -93.954763
30.553776 -91.960535
41.540691 -82.854432
36.074032 -119.031662
48.043463 -122.777922
42.958172 -82.485706
26.076715 -97.21332
41.330079 -74.799536
40.434019 -84.980495
43.663722 -70.322088
42.870295 -84.914326
45.520404 -122.651087
36.58258 -86.515642
28.618005 -96.631836
39.811703 -120.47498
29.816194 -85.302297
27.264481 -80.302952
43.036364 -70.81534
38.752795 -82.952373
48.118123 -122.786075
33.194194 -101.382837
35.076819 -94.632371
29.038742 -98.575261
37.943724 -90.776307
44.669356 -74.988047
40.271949 -75.64714
40.689161 -76.180545
41.553327 -73.984681
44.755442 -108.759096
43.047141 -91.144286
43.277675 -89.72806
35.979665 -94.314306
30.085925 -95.99522
37.646137 -98.736516
27.358853 -98.125044
33.800707 -93.381436
44.753698 -92.791352
34.556292 -112.464724
39.908596 -74.575285
29.560195 -104.363023
46.687027 -68.021097
42.093145 -111.869892
37.691403 -82.768887
39.60748 -110.800997
34.511147 -86.931581
38.543171 -76.578634
38.203196 -75.692534
41.379252 -89.469286
38.354124 -87.574506
37.109524 -87.880924
45.569089 -93.587005
22.218483 -159.48504
44.310119 -120.844303
41.776323 -71.397401
42.061195 -70.187889
40.276489 -111.734559
36.295635 -95.307587
38.279119 -104.640472
20.850751 -156.317382
35.199838 -87.038395
37.050981 -80.758432
44.665711 -88.236426
46.733104 -117.175341
40.94324 -78.974645
35.018248 -97.378805
39.135255 -77.713213
39.897441 -76.234615
33.670677 -114.220625
30.574839 -84.582981
39.936081 -91.379314
47.234614 -119.853833
30.785516 -83.563191
32.790777 -95.44268
42.735978 -87.837451
29.102243 -82.456908
35.765687 -78.665266
33.027746 -116.846795
35.737383 -79.671781
38.144049 -120.845677
38.502279 -121.081496
40.293856 -88.156437
44.0837 -103.244558
47.805016 -116.890222
36.895899 -104.439486
42.473922 -73.812103
38.945883 -81.759236
41.793451 -107.229625
32.242891 -90.4032
46.663599 -123.787958
26.463303 -97.779216
30.237858 -92.259439
32.470967 -91.758404
40.363019 -75.948114
40.172317 -122.226848
38.209467 -89.997465
40.582188 -122.36344
42.007047 -73.89702
44.274027 -121.180157
41.015202 -95.225186
34.805223 -79.168949
44.554442 -92.550637
44.540708 -95.111406
36.571532 -119.423409
43.53603 -89.997413
43.699933 -124.123204
28.307259 -97.275171
32.060563 -82.142512
36.344466 -79.66883
39.532575 -119.797255
40.935218 -87.152169
43.827287 -111.785653
41.094894 -78.887735
41.929031 -73.906792
45.645473 -89.432358
45.495138 -91.731814
38.76783 -112.087714
35.79892 -119.106345
43.339595 -90.384686
37.084194 -81.794263
34.829724 -77.550078
39.831084 -84.889711
37.747376 -84.305866
42.810543 -82.752187
39.268057 -93.969074
37.477942 -77.487983
35.62598 -117.684073
45.812811 -122.729709
32.481192 -80.969386
28.512617 -82.183872
41.42649 -78.732883
39.54048 -107.773575
43.664833 -111.913211
32.281417 -81.227839
27.347298 -99.495245
40.494756 -124.103884
26.375237 -98.850733
26.232386 -97.580355
31.481588 -110.977124
38.170339 -121.701949
34.734125 -88.949397
35.736154 -89.541381
38.818715 -81.735991
43.844864 -88.839453
36.431071 -119.862054
44.860226 -92.613212
33.985049 -117.341972
43.031801 -108.397751
33.148503 -85.36641
37.290783 -79.976293
36.450617 -77.648931
40.339521 -78.384292
30.561397 -87.718939
39.004515 -87.733389
27.791124 -97.668921
41.922219 -89.076322
41.058441 -86.2024
44.020373 -92.480168
43.137609 -77.568257
30.655733 -97.009619
42.295097 -89.010805
45.091058 -93.741574
34.957902 -81.040421
34.914661 -79.744308
44.117087 -69.115876
34.012182 -85.062043
28.047279 -97.057873
41.594658 -109.240478
43.201059 -96.294548
39.776492 -87.264282
38.04957 -103.725083
35.960053 -77.83026
37.003904 -79.885195
45.419465 -83.822307
37.116267 -93.055965
36.398883 -83.013273
37.943928 -91.762096
38.900212 -76.355496
34.256159 -85.174734
43.232984 -75.442413
40.305406 -109.989391
34.862342 -118.180373
48.843826 -95.76072
43.219397 -123.346766
37.567467 -97.132889
33.366229 -104.527988
42.408244 -88.150626
36.399407 -78.983258
39.468175 -105.078785
34.28073 -83.106675
38.214109 -78.385059
48.365705 -99.992566
33.323786 -105.66381
33.729091 -90.54889
44.552529 -70.547448
34.209475 -117.111613
42.615589 -113.684
45.688815 -92.957316
40.12115 -90.564737
39.615766 -85.449958
31.801512 -95.151866
38.888477 -98.858358
40.468186 -83.890087
34.51731 -87.71984
35.275523 -93.131461
36.844789 -86.892016
32.535867 -92.65016
43.602518 -72.981685
39.902636 -95.798286
39.489241 -83.63353
38.638578 -121.324669
32.836813 -109.745522
43.43194 -83.981818
31.893608 -110.992493
44.808422 -73.082507
43.962937 -111.680245
29.865818 -81.317432
43.969688 -92.062008
38.344045 -90.984272
45.572139 -94.193582
37.973405 -90.047395
45.367023 -93.351563
37.105622 -113.567422
38.512838 -122.468034
45.826288 -122.84606
45.864565 -84.731717
43.983691 -94.626825
37.999846 -91.617257
33.938824 -78.113638
34.503291 -109.379494
42.991428 -84.558099
44.435491 -72.012249
40.117647 -88.033846
39.75655 -94.830405
38.630705 -90.340926
47.316543 -116.574805
30.129085 -91.835324
39.195239 -96.066729
40.542817 -84.399716
41.421274 -78.534949
39.398025 -81.220842
30.779763 -81.60768
34.81361 -78.971211
44.325972 -93.966904
31.179098 -81.384254
42.160643 -78.727677
38.626007 -88.969117
38.604444 -86.101723
37.642329 -91.541001
39.564963 -75.476359
40.901486 -80.839736
44.93414 -123.010267
38.535111 -106.007336
38.81492 -97.612054
36.705002 -121.66399
38.384105 -75.542904
35.460307 -94.795253
45.177795 -113.899236
34.373667 -88.690258
40.640838 -111.929515
34.004036 -81.771437
31.440632 -100.46049
29.514399 -98.475376
33.372751 -110.460377
32.97501 -82.807381
32.928728 -117.128799
27.758661 -98.239712
48.268536 -116.548387
43.420193 -82.831795
41.420209 -82.680777
45.397667 -122.26627
43.435951 -70.764267
35.461423 -79.173084
37.690115 -122.128498
36.69659 -119.565048
33.354733 -97.178689
18.067652 -67.078194
36.606981 -120.187815
37.329845 -121.945145
14.977796 145.625653
18.288174 -66.116246
32.495152 -114.771548
35.279183 -120.665546
32.605045 -110.630614
29.867189 -97.921715
31.195586 -98.727785
34.42747 -119.724102
34.429766 -118.5231
37.052331 -121.99896
35.643611 -106.007728
17.972338 -66.418372
34.911814 -120.438878
34.353989 -119.069052
39.966326 -111.797478
38.444378 -122.740631
34.936754 -104.686031
30.376503 -86.249411
35.513697 -106.359188
44.324583 -74.130354
27.303534 -82.475257
43.066707 -73.808135
45.736472 -94.952729
46.479105 -84.359754
42.089345 -90.152163
32.044851 -81.151732
39.935801 -94.827185
35.219076 -88.235025
41.105659 -75.049884
35.298753 -99.638107
41.978566 -76.522382
29.680682 -96.908743
41.4499 -97.065277
38.479847 -100.909072
37.220344 -89.535871
41.854912 -103.667671
34.649626 -86.035144
38.692115 -85.795495
36.748632 -86.197472
41.24208 -75.927302
29.774804 -96.155299
35.241497 -91.706014
46.005189 -123.91001
36.615585 -121.843762
47.468409 -122.274661
27.663404 -80.422713
27.580561 -81.497229
38.695271 -93.230193
34.861648 -111.784246
29.571717 -97.9679
32.410462 -87.034721
36.567042 -119.608869
35.172904 -88.591736
35.233169 -96.67702
32.717035 -102.652436
34.617891 -89.977968
34.700148 -82.946074
48.093919 -123.136469
35.260584 -79.580844
40.525617 -104.852887
35.833885 -83.554497
41.014849 -81.86987
40.914262 -97.093022
38.955122 -85.883768
44.51247 -88.328711
42.616985 -122.814044
38.821809 -76.532808
35.496327 -119.277914
33.693835 -101.995021
40.785536 -76.58593
39.216662 -77.810191
44.786739 -88.57531
35.33947 -96.921682
43.750796 -87.757742
48.506827 -111.867072
35.286751 -81.505757
40.88363 -82.662476
39.408361 -88.809592
39.527071 -85.776245
38.216915 -85.255798
35.488424 -86.450477
43.182339 -95.843959
43.38009 -112.126375
47.233616 -123.090369
40.752871 -95.372944
40.790196 -76.200589
39.438716 -77.786536
34.307217 -92.403854
40.130254 -86.224814
45.099447 -123.403456
44.786578 -106.961975
33.681625 -96.583583
40.052306 -77.507523
36.785763 -108.684893
41.46217 -87.164866
34.236165 -110.054448
32.487288 -93.756205
43.402349 -95.744928
47.711901 -104.17633
41.136849 -102.978402
42.303476 -75.384713
40.293747 -84.162927
40.964514 -75.463484
31.535568 -110.285492
36.878681 -89.581255
35.73286 -79.460569
36.200998 -94.535864
30.365594 -94.174826
39.549684 -107.652692
32.77845 -108.266015
42.551606 -79.149167
34.750808 -117.344111
39.632711 -106.052257
45.003671 -122.775459
34.269707 -118.746872
28.033549 -97.506801
43.078091 -96.171512
42.482033 -96.401324
43.533494 -96.735632
38.479017 -81.660217
57.05603 -135.294114
42.950945 -76.428007
36.363587 -96.016739
44.778149 -69.712196
33.435263 -101.649413
44.296742 -94.722119
30.294417 -89.791275
41.062533 -80.050842
35.530612 -78.35842
36.980049 -76.592973
38.3931 -89.995868
35.953689 -85.825939
30.005703 -97.151835
39.436393 -94.563017
34.540524 -77.383919
47.534618 -121.877055
34.505384 -110.083373
32.71458 -100.9148
33.670125 -83.718433
34.06402 -106.898182
42.683262 -111.584809
43.239049 -77.061871
60.48282 -151.111367
36.431116 -121.329208
34.612975 -120.094827
37.064874 -84.626218
42.058488 -84.41297
40.006313 -79.066916
45.127557 -92.672062
32.580192 -114.647366
38.299143 -122.47654
30.567918 -100.64435
38.001669 -120.317395
32.37269 -82.596427
41.714357 -86.201743
36.727461 -78.911876
42.434253 -72.564163
41.724769 -74.617933
42.394828 -86.269633
36.72211 -78.115354
38.86082 -120.011407
42.507278 -83.806042
41.081036 -72.395374
44.21559 -70.521238
34.946033 -85.726239
29.935533 -90.695285
33.275141 -82.973767
38.129284 -89.704753
43.156675 -85.708595
35.934817 -85.479685
43.939007 -90.816434
34.974865 -81.989514
44.494386 -103.854997
36.194103 -101.194145
43.143744 -95.156558
38.810979 -81.361809
43.390905 -95.116367
47.68043 -117.352257
45.822135 -91.890379
35.272911 -79.047306
40.806218 -115.664538
40.729553 -115.589359
32.367258 -81.31324
39.786626 -89.642412
42.125901 -72.573958
37.148873 -93.287053
39.937651 -83.813008
36.485193 -86.877108
43.309922 -72.500521
28.487992 -82.524297
38.740719 -94.82142
32.992521 -93.456663
35.741634 -86.914273
40.976183 -72.177786
32.968616 -97.683875
33.771477 -86.48178
42.509449 -78.672528
35.924271 -82.036916
41.967751 -72.295411
32.942336 -99.795358
37.539395 -84.661709
44.957672 -90.939678
40.638698 -112.295766
37.844833 -83.858983
48.245363 -122.342081
46.361682 -94.794591
43.697245 -116.492027
29.94531 -82.104755
33.454952 -88.812822
40.799308 -77.858077
32.426638 -81.792528
39.00177 -89.777343
38.119039 -78.991274
44.815998 -122.792584
40.461868 -106.818853
38.014504 -89.630125
32.219277 -98.221125
40.625465 -103.216103
41.788363 -89.696825
44.511291 -89.551677
39.75591 -76.590782
43.860502 -92.487539
35.257269 -95.121041
36.120763 -97.072739
35.812659 -94.633442
37.961908 -121.287516
42.643419 -95.202065
42.188369 -93.587194
38.993908 -78.356509
36.040939 -83.647599
41.123445 -88.833822
38.02366 -79.023178
44.833291 -87.374562
41.795368 -85.419719
44.408776 -103.518298
34.493445 -91.550682
28.724427 -82.534334
39.591562 -88.606845
39.098674 -87.406948
38.196375 -91.190232
26.280372 -98.56222
34.50705 -96.975343
33.129471 -95.604118
47.8753 -121.793179
33.742587 -87.042961
38.289199 -80.847212
34.533981 -85.315801
40.762101 -111.571092
33.93069 -80.399329
40.891482 -76.806194
32.287779 -80.964549
46.318913 -120.009994
32.220354 -95.497068
30.41053 -92.061815
33.28631 -111.104654
40.409559 -120.636967
41.949146 -75.600509
43.391871 -123.31544
32.5939 -82.332105
34.691975 -77.185445
44.920196 -73.11346
29.043317 -95.700652
44.403964 -122.71506
35.602276 -84.467808
32.470533 -100.404136
33.169369 -86.272653
43.164594 -75.774132
32.744121 -81.643547
31.527623 -83.82528
41.402342 -85.725899
43.090425 -76.164008
34.163232 -78.884767
35.141884 -119.461037
27.978163 -97.393019
-185.036658
35.905731 -94.969646
33.165768 -101.799158
33.429714 -86.12075
30.473181 -84.268853
32.530665 -85.886864
32.406008 -91.187174
41.989721 -92.588114
40.815173 -75.917821
28.006247 -82.513188
39.655905 -77.165849
36.388085 -105.590553
37.912387 -76.866012
35.90199 -77.545556
30.579913 -97.418407
35.916965 -81.168266
39.544988 -89.305778
37.128924 -81.506526
43.45186 -96.835375
31.628549 -96.282107
35.151463 -118.491792
37.950002 -86.760917
31.094257 -97.419595
35.960024 -119.035185
39.514587 -87.374197
32.737482 -96.294418
33.438858 -94.071042
29.388297 -95.028467
36.512243 -91.544499
45.606111 -121.186381
43.645633 -108.218066
48.105767 -96.17972
32.907686 -84.327881
31.903657 -87.738336
30.848482 -83.960104
33.472559 -82.499905
34.195619 -118.860558
41.96034 -85.609506
39.620244 -77.407864
43.841943 -73.429637
41.11491 -83.180468
31.452841 -83.513473
45.45663 -123.840917
36.059652 -119.31141
40.274124 -86.039557
41.77161 -91.126697
38.655059 -92.781266
28.609023 -80.838133
41.627224 -79.670437
34.566382 -83.319914
41.63967 -83.613945
44.618337 -123.931878
43.992329 -90.503555
45.473517 -89.72282
39.112132 -95.078135
36.68333 -97.30674
40.538685 -112.299357
39.04168 -95.692459
46.391656 -120.309605
31.448596 -106.092257
41.830874 -73.09614
42.066483 -104.18915
41.773732 -76.44385
37.729504 -121.434051
44.731025 -85.624012
41.160614 -78.714792
41.721691 -112.173754
29.614489 -82.82647
34.879831 -85.502036
38.608335 -89.682482
40.081255 -93.602387
40.228452 -74.718158
35.964501 -88.939808
42.995393 -123.303912
37.170726 -104.507446
30.952788 -95.371734
31.800175 -85.975851
38.96503 -90.965969
35.363378 -79.894588
39.338798 -120.172328
35.675744 -90.522831
33.135927 -107.227282
36.131185 -111.234168
32.254891 -110.946141
35.168921 -103.725145
33.076683 -106.018322
34.537578 -101.772396
35.370186 -86.214818
36.105449 -95.901334
34.693651 -90.377547
41.551781 -75.953471
34.247774 -88.730383
44.23231 -74.465182
37.496481 -120.859718
33.206434 -87.539992
39.800032 -88.275912
32.422219 -85.706747
35.268795 -97.697183
34.138748 -116.06539
34.228119 -116.055384
42.561528 -114.454128
38.275131 -78.438898
40.284534 -74.576745
47.029316 -91.674852
32.009071 -80.855339
32.310122 -95.301882
40.668474 -78.251475
39.186235 -123.202585
37.580211 -101.36398
32.262534 -83.736874
38.447377 -91.007372
34.722528 -81.629644
40.200653 -84.810846
41.89767 -79.843245
36.423177 -89.045368
42.691691 -88.081134
32.135498 -85.704801
39.929527 -79.688355
40.468363 -85.500173
41.175154 -74.382072
40.831936 -83.275742
40.111081 -83.738486
21.364556 -157.939756
43.094718 -75.276013
29.205393 -99.795278
38.364178 -121.967724
32.136105 -106.668504
32.060499 -110.706961
39.632476 -106.404279
42.418588 -73.680094
30.875651 -83.295826
42.873792 -100.552934
38.10948 -122.212096
46.924213 -97.993207
32.832025 -85.187242
32.528529 -95.638702
38.974564 -89.110695
39.309316 -91.487893
34.740576 -120.534531
40.865888 -84.588069
43.359282 -83.578791
44.050642 -123.340905
32.421634 -97.106146
44.16766 -73.255316
42.78177 -96.922894
40.446754 -109.548027
34.149981 -99.298435
38.047158 -84.717456
40.226198 -84.461948
32.330889 -90.856628
28.826115 -96.985119
34.476883 -117.310824
32.235994 -82.409078
32.091931 -83.79509
18.134393 -65.450389
38.199622 -92.705429
34.780343 -111.771548
39.003779 -74.890442
30.689889 -92.271577
38.676206 -87.505847
39.480685 -75.027891
41.430304 -70.57885
36.642892 -95.157151
42.166715 -92.024441
30.189963 -93.57808
39.516074 -89.76735
47.511485 -92.555221
36.908627 -76.309596
43.558838 -90.890608
36.293488 -119.300686
33.730841 -112.330172
32.870517 -93.984991
40.801738 -85.827412
31.542223 -97.166048
44.841988 -93.793195
46.439874 -95.13824
34.962633 -80.074783
35.954522 -95.38138
41.208453 -96.620434
46.268123 -96.601372
19.938225 -155.789138
20.032809 -155.636267
41.539508 -74.21743
38.609305 -76.987871
44.423432 -124.073682
34.89755 -94.093203
41.453946 -86.496017
34.745186 -77.993629
46.039219 -118.349135
36.063002 -90.965963
37.627513 -104.784511
32.903589 -80.665237
34.354345 -98.308334
42.169811 -75.130478
43.128562 -77.293072
42.539747 -88.580296
39.205277 -96.309426
40.573828 -84.19078
46.446011 -120.427177
46.967849 -119.041884
42.25308 -72.227448
32.581351 -83.667989
33.609548 -92.069996
41.853254 -79.145578
38.756022 -93.732463
43.494082 -73.779919
38.819056 -91.137933
41.251524 -85.832796
38.243452 -93.371575
42.740083 -78.134296
35.002877 -78.088889
41.289641 -74.365028
35.601337 -119.351293
44.081798 -93.505558
38.897394 -77.18974
33.732289 -82.743613
38.653193 -87.167395
41.298298 -91.689345
38.543654 -91.008985
40.757504 -74.994239
35.542248 -77.040831
39.539735 -83.437564
39.291721 -119.77297
41.617087 -74.286703
41.549044 -73.039574
44.348492 -72.739122
37.63781 -120.757377
38.335899 -90.154322
42.495926 -92.384177
43.18638 -88.987899
44.959009 -93.844082
44.057303 -75.697521
44.906273 -97.128246
43.192195 -88.725581
34.152497 -89.632257
44.553706 -69.651935
42.365706 -76.861476
35.851664 -98.41277
40.77649 -87.732236
36.937939 -121.772779
27.560807 -81.815649
43.271734 -91.479589
44.348685 -89.104174
43.628934 -88.735186
44.906757 -89.629632
41.552118 -84.139234
44.071456 -89.283465
42.728587 -92.482497
40.916077 -96.526957
36.085749 -87.792621
39.12975 -82.982215
31.219845 -82.364224
42.672199 -85.638804
42.235603 -97.014467
33.090551 -82.011933
31.674511 -88.640873
39.730447 -77.507531
39.897721 -80.170678
35.536011 -98.692345
32.753619 -97.723805
42.463263 -93.822577
28.507812 -81.072782
43.041934 -76.586062
40.379512 -80.623962
44.252071 -116.970816
37.435075 -81.5812
40.701632 -105.005671
37.268933 -97.398749
41.164781 -82.222002
42.116101 -77.942081
30.236317 -92.820841
47.423291 -120.289914
42.775685 -114.704743
35.816564 -78.340849
31.80281 -97.093886
43.442238 -88.152993
29.149082 -95.6387
39.477875 -79.039554
42.326841 -79.57944
37.899514 -88.932373
39.941088 -83.284864
40.275312 -81.749592
41.574884 -91.261995
39.481939 -76.94941
39.047991 -80.487214
29.668496 -95.934124
36.737615 -91.87023
33.608389 -88.648618
41.840787 -96.708516
41.386641 -73.971174
37.551062 -76.812546
32.891293 -96.048701
38.791831 -83.540878
41.535611 -86.902677
40.72305 -114.034081
32.53725 -86.206364
35.14974 -96.491502
38.276043 -78.928816
29.319171 -96.092478
39.012758 -121.427215
42.055469 -104.95728
40.05273 -80.726204
35.248984 -79.381129
48.406373 -114.34041
39.440548 -90.405671
43.385968 -86.202296
38.728309 -93.567113
36.102456 -83.278958
33.834543 -109.973541
35.816465 -106.206075
33.662974 -96.900684
37.795735 -80.296459
34.311246 -78.713856
42.834061 -88.738122
37.679735 -97.327333
33.903257 -98.518667
33.96317 -112.74484
30.849983 -89.140346
34.915546 -95.313717
37.250836 -93.388624
41.052794 -82.728128
32.254941 -109.837651
35.253049 -112.188681
39.152101 -122.147981
41.664224 -92.01615
36.727065 -84.157713
37.282591 -76.748947
37.673674 -82.281279
41.246705 -77.002493
42.686669 -84.257222
35.849207 -77.0634
38.639811 -84.572517
40.584476 -76.58313
41.72748 -72.240535
29.38752 -82.439717
48.165669 -103.63273
39.422331 -123.367182
45.129721 -95.044552
39.524858 -122.199495
32.708706 -96.008659
34.217513 -77.898336
39.446003 -83.829306
37.867061 -84.653797
35.73806 -77.933946
41.589109 -91.025481
41.052369 -86.603869
40.168943 -84.976991
37.993558 -84.195338
35.207049 -86.107098
39.151081 -78.163018
33.97361 -83.716779
43.872661 -95.122311
35.668396 -109.067218
38.52942 -93.521511
35.991015 -76.936519
43.455764 -72.399157
37.23504 -96.985101
44.106861 -88.706313
40.950396 -117.741365
43.373145 -99.854219
31.924357 -92.645399
29.81145 -94.380853
32.162862 -91.717889
34.370989 -81.088054
32.955144 -95.291729
44.044691 -91.661996
33.484336 -89.733267
35.01886 -110.724542
36.072205 -80.266476
28.043985 -81.703779
38.527492 -121.962604
31.960887 -99.962751
41.336155 -94.01697
44.372465 -89.812226
48.092169 -105.641939
42.373656 -88.380157
45.153661 -122.850092
35.822923 -86.070576
30.010936 -98.117129
36.414293 -119.097302
38.673295 -121.761631
45.913346 -122.743974
38.992164 -105.06446
34.73815 -82.028
33.226259 -87.111466
42.311204 -88.440707
38.867736 -78.523853
39.652433 -75.331728
30.251978 -84.197496
30.787089 -94.406202
36.424832 -99.404726
40.821726 -81.927248
42.278357 -71.703799
44.016309 -107.950956
29.966984 -81.501637
43.623728 -95.60404
38.829393 -91.033654
44.318359 -88.164158
32.743227 -82.701405
34.355657 -117.626972
41.581723 -74.422422
35.228364 -90.788383
36.952316 -81.090024
36.129951 -80.664329
46.610361 -120.548226
42.88669 -97.395038
18.015861 -66.850015
32.862333 -90.419048
39.798125 -83.895208
46.951258 -122.57889
38.983147 -119.163775
29.293059 -97.14771
40.872297 -97.588667
39.95689 -76.717203
34.993495 -81.231605
33.905497 -85.003709
41.144765 -80.681074
41.854196 -79.311995
38.396063 -122.367205
41.729094 -122.637776
39.122927 -121.608318
34.122466 -116.395815
30.617099 -81.589747
32.677243 -114.56828
40.123823 -102.724834
39.95389 -82.016093
26.889081 -99.266192
28.285371 -82.199122
45.456045 -93.606723
44.292703 -92.670896
35.071062 -108.823725